dept_no	year	month	spend	transactions	items
1	2010	01	2129.02	171.0	710.0
1	2010	02	1908.99	169.0	783.0
1	2010	03	2276.32	192.0	798.0
1	2010	04	1879.56	192.0	771.0
1	2010	05	2225.27	182.0	740.0
1	2010	06	1683.84	205.0	734.0
1	2010	07	2618.96	181.0	779.0
1	2010	08	1885.28	164.0	654.0
1	2010	09	2414.95	186.0	771.0
1	2010	10	2232.35	171.0	715.0
1	2010	11	2027.77	178.0	704.0
1	2010	12	2160.24	171.0	703.0
1	2011	01	2517.85	188.0	815.0
1	2011	02	1905.67	147.0	631.0
1	2011	03	2186.43	177.0	734.0
1	2011	04	2282.68	169.0	718.0
1	2011	05	2337.26	175.0	781.0
1	2011	06	1875.19	171.0	615.0
1	2011	07	1932.1	164.0	595.0
1	2011	08	2444.39	192.0	803.0
1	2011	09	2156.98	174.0	690.0
1	2011	10	2504.02	176.0	799.0
1	2011	11	2266.72	182.0	745.0
1	2011	12	2633.02	197.0	815.0
1	2012	01	2280.26	202.0	756.0
1	2012	02	2309.37	195.0	759.0
1	2012	03	2607.32	207.0	808.0
1	2012	04	2647.46	232.0	845.0
1	2012	05	2332.35	212.0	734.0
1	2012	06	2507.64	192.0	694.0
1	2012	07	2296.95	187.0	764.0
1	2012	08	2170.11	208.0	708.0
1	2012	09	2294.26	203.0	766.0
1	2012	10	2194.53	193.0	698.0
1	2012	11	2307.84	187.0	718.0
1	2012	12	2719.8	174.0	730.0
1	2013	01	2338.33	176.0	685.0
1	2013	02	2211.75	158.0	637.0
1	2013	03	2387.88	173.0	669.0
1	2013	04	2262.77	184.0	693.0
1	2013	05	2084.35	176.0	604.0
1	2013	06	1830.44	159.0	605.0
1	2013	07	2415.29	162.0	676.0
1	2013	08	1904.79	135.0	531.0
1	2013	09	2598.55	168.0	768.0
1	2013	10	2154.93	164.0	623.0
1	2013	11	2034.57	151.0	590.0
1	2013	12	1826.38	146.0	616.0
1	2014	01	2138.01	152.0	685.0
1	2014	02	1813.87	113.0	559.0
1	2014	03	2281.69	161.0	665.0
1	2014	04	1442.89	126.0	476.0
1	2014	05	1752.61	151.0	634.0
1	2014	06	1968.17	142.0	618.0
1	2014	07	1702.78	137.0	538.0
1	2014	08	1597.61	130.0	573.0
1	2014	09	1684.18	148.0	553.0
1	2014	10	1560.09	139.0	527.0
1	2014	11	1932.73	141.0	636.0
1	2014	12	1558.54	134.0	542.0
1	2015	01	2143.44	169.0	678.0
1	2015	02	1621.83	154.0	530.0
1	2015	03	2268.43	182.0	750.0
1	2015	04	1670.51	173.0	566.0
1	2015	05	2335.46	199.0	771.0
1	2015	06	1865.52	183.0	619.0
1	2015	07	2324.62	200.0	708.0
1	2015	08	1896.14	194.0	624.0
1	2015	09	2124.74	198.0	747.0
1	2015	10	1864.29	168.0	607.0
1	2015	11	1506.87	137.0	510.0
1	2015	12	1538.39	139.0	495.0
1	2016	01	1685.52	139.0	535.0
1	2016	02	1171.34	122.0	368.0
1	2016	03	1511.35	152.0	536.0
1	2016	04	1347.04	164.0	466.0
1	2016	05	1845.19	180.0	580.0
1	2016	06	1456.66	154.0	483.0
1	2016	07	1273.19	149.0	464.0
1	2016	08	1394.17	151.0	468.0
1	2016	09	1528.65	145.0	471.0
2	2010	01	2064.52	174.0	791.0
2	2010	02	1690.28	157.0	657.0
2	2010	03	2228.77	170.0	866.0
2	2010	04	2272.33	178.0	832.0
2	2010	05	2178.44	186.0	823.0
2	2010	06	1987.45	183.0	720.0
2	2010	07	2064.84	174.0	737.0
2	2010	08	1763.55	155.0	666.0
2	2010	09	1736.22	166.0	642.0
2	2010	10	1599.78	156.0	573.0
2	2010	11	1884.78	156.0	684.0
2	2010	12	1657.78	150.0	637.0
2	2011	01	2097.83	183.0	842.0
2	2011	02	1825.84	153.0	713.0
2	2011	03	1910.24	165.0	760.0
2	2011	04	2143.44	157.0	775.0
2	2011	05	2663.5	150.0	877.0
2	2011	06	1842.79	149.0	673.0
2	2011	07	1919.91	152.0	726.0
2	2011	08	2335.66	184.0	732.0
2	2011	09	2104.26	156.0	728.0
2	2011	10	2334.65	165.0	770.0
2	2011	11	2215.2	178.0	820.0
2	2011	12	2276.27	182.0	824.0
2	2012	01	2272.0	174.0	860.0
2	2012	02	2119.81	175.0	797.0
2	2012	03	2398.62	197.0	980.0
2	2012	04	2190.01	210.0	879.0
2	2012	05	2335.39	190.0	828.0
2	2012	06	2598.33	188.0	881.0
2	2012	07	2435.39	166.0	823.0
2	2012	08	2149.36	182.0	707.0
2	2012	09	2319.5	179.0	781.0
2	2012	10	1892.12	163.0	715.0
2	2012	11	1897.72	153.0	662.0
2	2012	12	1943.09	147.0	681.0
2	2013	01	2155.3	164.0	798.0
2	2013	02	1859.72	136.0	651.0
2	2013	03	2219.17	174.0	794.0
2	2013	04	2485.36	186.0	845.0
2	2013	05	2428.04	167.0	797.0
2	2013	06	2079.53	141.0	633.0
2	2013	07	2137.01	157.0	703.0
2	2013	08	1778.8	132.0	576.0
2	2013	09	1716.5	130.0	556.0
2	2013	10	1754.08	143.0	589.0
2	2013	11	2006.99	136.0	586.0
2	2013	12	1910.31	120.0	595.0
2	2014	01	1694.44	122.0	544.0
2	2014	02	1337.79	102.0	440.0
2	2014	03	1592.35	128.0	543.0
2	2014	04	1225.73	95.0	380.0
2	2014	05	1843.97	123.0	545.0
2	2014	06	1488.49	116.0	476.0
2	2014	07	1678.02	126.0	514.0
2	2014	08	1101.02	107.0	355.0
2	2014	09	1343.17	121.0	426.0
2	2014	10	1338.31	116.0	427.0
2	2014	11	1414.48	116.0	456.0
2	2014	12	1314.84	113.0	428.0
2	2015	01	1619.74	130.0	524.0
2	2015	02	1118.18	110.0	408.0
2	2015	03	1786.58	149.0	637.0
2	2015	04	1700.42	142.0	591.0
2	2015	05	2071.38	163.0	673.0
2	2015	06	1685.52	125.0	503.0
2	2015	07	1984.92	155.0	621.0
2	2015	08	1323.74	130.0	433.0
2	2015	09	1334.56	145.0	456.0
2	2015	10	1181.37	120.0	374.0
2	2015	11	1223.58	91.0	355.0
2	2015	12	1358.67	93.0	407.0
2	2016	01	1402.56	102.0	438.0
2	2016	02	951.17	87.0	319.0
2	2016	03	1233.17	119.0	431.0
2	2016	04	1299.85	115.0	441.0
2	2016	05	1688.36	120.0	473.0
2	2016	06	1504.08	109.0	452.0
2	2016	07	1530.74	110.0	475.0
2	2016	08	1114.57	103.0	335.0
2	2016	09	1021.02	88.0	315.0
3	2010	01	694.42	78.0	176.0
3	2010	02	888.1	93.0	210.0
3	2010	03	815.72	86.0	217.0
3	2010	04	790.02	86.0	175.0
3	2010	05	773.8	90.0	179.0
3	2010	06	869.5	90.0	186.0
3	2010	07	863.82	72.0	184.0
3	2010	08	744.89	69.0	148.0
3	2010	09	855.88	78.0	174.0
3	2010	10	775.35	73.0	163.0
3	2010	11	755.28	79.0	170.0
3	2010	12	881.86	83.0	194.0
3	2011	01	854.2	82.0	195.0
3	2011	02	549.12	71.0	154.0
3	2011	03	826.99	80.0	167.0
3	2011	04	719.27	86.0	157.0
3	2011	05	859.06	85.0	166.0
3	2011	06	710.17	63.0	126.0
3	2011	07	645.86	68.0	116.0
3	2011	08	669.37	85.0	134.0
3	2011	09	724.9	79.0	152.0
3	2011	10	824.74	84.0	177.0
3	2011	11	847.92	79.0	169.0
3	2011	12	798.33	83.0	161.0
3	2012	01	877.62	97.0	207.0
3	2012	02	1028.85	98.0	223.0
3	2012	03	1109.21	116.0	241.0
3	2012	04	1226.76	119.0	255.0
3	2012	05	821.95	95.0	162.0
3	2012	06	943.97	99.0	198.0
3	2012	07	804.89	91.0	166.0
3	2012	08	738.23	83.0	159.0
3	2012	09	893.83	87.0	179.0
3	2012	10	777.06	92.0	173.0
3	2012	11	731.72	76.0	151.0
3	2012	12	847.47	92.0	192.0
3	2013	01	927.3	96.0	209.0
3	2013	02	938.29	80.0	202.0
3	2013	03	1029.09	91.0	190.0
3	2013	04	940.16	88.0	183.0
3	2013	05	876.73	80.0	161.0
3	2013	06	668.54	57.0	127.0
3	2013	07	780.77	74.0	131.0
3	2013	08	575.59	65.0	109.0
3	2013	09	899.59	68.0	156.0
3	2013	10	715.16	68.0	104.0
3	2013	11	826.99	75.0	127.0
3	2013	12	605.13	57.0	89.0
3	2014	01	738.83	62.0	109.0
3	2014	02	622.46	51.0	103.0
3	2014	03	416.37	51.0	83.0
3	2014	04	509.0	47.0	87.0
3	2014	05	498.67	36.0	68.0
3	2014	06	508.0	43.0	79.0
3	2014	07	421.67	42.0	86.0
3	2014	08	386.23	41.0	71.0
3	2014	09	489.14	53.0	104.0
3	2014	10	617.69	56.0	111.0
3	2014	11	667.68	56.0	116.0
3	2014	12	588.74	58.0	108.0
3	2015	01	607.59	65.0	110.0
3	2015	02	622.3	61.0	117.0
3	2015	03	879.4	78.0	143.0
3	2015	04	736.41	71.0	126.0
3	2015	05	905.62	80.0	160.0
3	2015	06	514.39	53.0	84.0
3	2015	07	674.6	60.0	120.0
3	2015	08	635.54	65.0	123.0
3	2015	09	547.45	51.0	95.0
3	2015	10	370.06	35.0	72.0
3	2015	11	359.59	46.0	70.0
3	2015	12	459.29	42.0	73.0
3	2016	01	462.9	41.0	82.0
3	2016	02	454.73	40.0	84.0
3	2016	03	649.88	62.0	107.0
3	2016	04	427.62	54.0	102.0
3	2016	05	495.13	47.0	68.0
3	2016	06	386.17	42.0	65.0
3	2016	07	391.82	55.0	85.0
3	2016	08	560.71	53.0	105.0
3	2016	09	516.51	52.0	87.0
4	2010	01	1281.47	145.0	460.0
4	2010	02	1161.58	132.0	387.0
4	2010	03	1220.15	160.0	416.0
4	2010	04	1248.48	143.0	416.0
4	2010	05	1092.38	142.0	368.0
4	2010	06	1141.9	149.0	370.0
4	2010	07	1160.25	130.0	362.0
4	2010	08	1144.98	142.0	354.0
4	2010	09	1164.74	141.0	374.0
4	2010	10	1050.98	127.0	309.0
4	2010	11	1118.55	126.0	309.0
4	2010	12	1012.51	129.0	305.0
4	2011	01	1155.91	147.0	375.0
4	2011	02	1018.98	116.0	317.0
4	2011	03	1280.36	148.0	411.0
4	2011	04	1135.14	133.0	378.0
4	2011	05	1089.66	129.0	364.0
4	2011	06	1101.05	135.0	339.0
4	2011	07	1098.74	132.0	344.0
4	2011	08	1249.46	145.0	355.0
4	2011	09	1189.64	149.0	382.0
4	2011	10	1226.64	140.0	347.0
4	2011	11	1245.57	150.0	388.0
4	2011	12	1404.8	157.0	384.0
4	2012	01	1370.92	156.0	401.0
4	2012	02	1457.42	153.0	412.0
4	2012	03	1482.86	172.0	441.0
4	2012	04	1418.48	190.0	453.0
4	2012	05	1197.79	158.0	371.0
4	2012	06	1452.2	170.0	459.0
4	2012	07	1281.37	154.0	382.0
4	2012	08	1359.89	179.0	436.0
4	2012	09	1552.47	178.0	504.0
4	2012	10	1265.21	149.0	381.0
4	2012	11	1219.96	144.0	387.0
4	2012	12	1241.09	145.0	347.0
4	2013	01	1341.04	153.0	397.0
4	2013	02	1249.47	144.0	371.0
4	2013	03	1256.01	151.0	367.0
4	2013	04	1410.84	174.0	441.0
4	2013	05	1116.29	135.0	312.0
4	2013	06	951.62	119.0	284.0
4	2013	07	1069.18	130.0	311.0
4	2013	08	1144.34	117.0	315.0
4	2013	09	1198.48	133.0	349.0
4	2013	10	962.63	115.0	270.0
4	2013	11	1026.75	116.0	301.0
4	2013	12	973.66	114.0	272.0
4	2014	01	1200.06	121.0	352.0
4	2014	02	965.79	97.0	267.0
4	2014	03	983.9	124.0	268.0
4	2014	04	679.49	85.0	156.0
4	2014	05	906.5	107.0	239.0
4	2014	06	800.68	107.0	210.0
4	2014	07	907.24	108.0	255.0
4	2014	08	806.58	103.0	202.0
4	2014	09	1014.79	113.0	255.0
4	2014	10	796.07	102.0	223.0
4	2014	11	1066.65	109.0	294.0
4	2014	12	902.98	103.0	234.0
4	2015	01	1011.52	117.0	280.0
4	2015	02	899.13	97.0	231.0
4	2015	03	982.03	114.0	268.0
4	2015	04	999.61	110.0	263.0
4	2015	05	928.57	116.0	260.0
4	2015	06	846.57	101.0	231.0
4	2015	07	1146.65	120.0	295.0
4	2015	08	851.26	106.0	217.0
4	2015	09	1110.96	123.0	313.0
4	2015	10	884.82	101.0	222.0
4	2015	11	693.76	86.0	183.0
4	2015	12	819.95	88.0	203.0
4	2016	01	897.81	88.0	209.0
4	2016	02	738.39	93.0	195.0
4	2016	03	1010.47	127.0	279.0
4	2016	04	808.33	121.0	214.0
4	2016	05	874.96	113.0	230.0
4	2016	06	577.0	85.0	153.0
4	2016	07	530.61	72.0	141.0
4	2016	08	691.16	95.0	175.0
4	2016	09	545.21	80.0	135.0
5	2010	01	348.76	60.0	109.0
5	2010	02	317.84	58.0	105.0
5	2010	03	350.87	55.0	114.0
5	2010	04	391.64	64.0	114.0
5	2010	05	302.61	57.0	103.0
5	2010	06	296.04	61.0	95.0
5	2010	07	339.21	64.0	102.0
5	2010	08	312.0	60.0	99.0
5	2010	09	363.47	66.0	114.0
5	2010	10	303.06	63.0	106.0
5	2010	11	239.17	46.0	79.0
5	2010	12	280.88	45.0	79.0
5	2011	01	399.96	60.0	125.0
5	2011	02	279.14	59.0	99.0
5	2011	03	346.56	69.0	109.0
5	2011	04	370.15	58.0	103.0
5	2011	05	372.41	73.0	106.0
5	2011	06	311.83	54.0	87.0
5	2011	07	299.3	52.0	81.0
5	2011	08	427.07	74.0	111.0
5	2011	09	447.47	67.0	125.0
5	2011	10	450.85	72.0	123.0
5	2011	11	349.47	60.0	108.0
5	2011	12	463.45	81.0	149.0
5	2012	01	427.08	74.0	122.0
5	2012	02	415.2	73.0	122.0
5	2012	03	380.85	65.0	110.0
5	2012	04	380.74	72.0	108.0
5	2012	05	404.59	75.0	107.0
5	2012	06	423.09	76.0	129.0
5	2012	07	403.16	81.0	130.0
5	2012	08	326.43	73.0	114.0
5	2012	09	333.15	71.0	108.0
5	2012	10	319.53	71.0	109.0
5	2012	11	299.1	62.0	92.0
5	2012	12	383.77	58.0	112.0
5	2013	01	417.57	63.0	114.0
5	2013	02	371.22	56.0	111.0
5	2013	03	340.52	62.0	101.0
5	2013	04	354.02	71.0	103.0
5	2013	05	386.24	64.0	116.0
5	2013	06	371.6	53.0	99.0
5	2013	07	323.68	64.0	99.0
5	2013	08	385.7	68.0	105.0
5	2013	09	365.53	63.0	107.0
5	2013	10	355.29	53.0	98.0
5	2013	11	387.98	51.0	103.0
5	2013	12	481.38	52.0	122.0
5	2014	01	272.35	41.0	69.0
5	2014	02	318.63	44.0	79.0
5	2014	03	303.32	53.0	83.0
5	2014	04	217.37	36.0	61.0
5	2014	05	303.11	53.0	80.0
5	2014	06	285.92	48.0	80.0
5	2014	07	256.64	45.0	71.0
5	2014	08	202.99	41.0	59.0
5	2014	09	269.92	48.0	73.0
5	2014	10	250.59	50.0	71.0
5	2014	11	326.84	54.0	96.0
5	2014	12	412.78	51.0	101.0
5	2015	01	228.89	46.0	66.0
5	2015	02	250.23	47.0	68.0
5	2015	03	284.44	47.0	79.0
5	2015	04	295.83	43.0	70.0
5	2015	05	447.69	67.0	111.0
5	2015	06	404.7	49.0	96.0
5	2015	07	426.73	58.0	122.0
5	2015	08	387.75	57.0	103.0
5	2015	09	343.11	52.0	87.0
5	2015	10	229.61	43.0	60.0
5	2015	11	262.52	41.0	70.0
5	2015	12	253.03	41.0	70.0
5	2016	01	235.83	35.0	64.0
5	2016	02	261.51	47.0	71.0
5	2016	03	322.67	53.0	89.0
5	2016	04	297.71	47.0	84.0
5	2016	05	340.02	46.0	97.0
5	2016	06	255.09	38.0	66.0
5	2016	07	225.28	32.0	64.0
5	2016	08	284.94	37.0	70.0
5	2016	09	177.37	24.0	50.0
6	2010	01	429.45	51.0	115.0
6	2010	02	418.4	54.0	99.0
6	2010	03	443.56	54.0	116.0
6	2010	04	549.27	63.0	128.0
6	2010	05	521.84	68.0	126.0
6	2010	06	600.86	62.0	133.0
6	2010	07	506.01	45.0	119.0
6	2010	08	342.73	49.0	95.0
6	2010	09	449.58	52.0	110.0
6	2010	10	330.15	46.0	85.0
6	2010	11	444.11	57.0	124.0
6	2010	12	290.09	36.0	80.0
6	2011	01	433.6	48.0	105.0
6	2011	02	357.71	41.0	89.0
6	2011	03	382.82	45.0	98.0
6	2011	04	454.27	51.0	123.0
6	2011	05	455.25	50.0	116.0
6	2011	06	347.57	40.0	80.0
6	2011	07	312.83	51.0	84.0
6	2011	08	343.92	54.0	99.0
6	2011	09	338.76	43.0	78.0
6	2011	10	521.96	60.0	128.0
6	2011	11	596.69	60.0	152.0
6	2011	12	599.77	65.0	148.0
6	2012	01	513.76	60.0	133.0
6	2012	02	422.03	54.0	96.0
6	2012	03	572.95	57.0	135.0
6	2012	04	776.99	87.0	193.0
6	2012	05	500.01	59.0	129.0
6	2012	06	348.24	50.0	93.0
6	2012	07	486.5	73.0	117.0
6	2012	08	503.43	67.0	117.0
6	2012	09	555.21	66.0	129.0
6	2012	10	366.09	52.0	91.0
6	2012	11	412.12	51.0	108.0
6	2012	12	438.85	40.0	100.0
6	2013	01	485.89	57.0	119.0
6	2013	02	380.52	42.0	88.0
6	2013	03	345.11	39.0	85.0
6	2013	04	378.47	48.0	83.0
6	2013	05	369.38	45.0	81.0
6	2013	06	214.44	32.0	47.0
6	2013	07	297.59	33.0	74.0
6	2013	08	256.43	37.0	65.0
6	2013	09	310.94	41.0	68.0
6	2013	10	329.19	41.0	84.0
6	2013	11	255.26	38.0	57.0
6	2013	12	250.71	29.0	63.0
6	2014	01	262.79	26.0	66.0
6	2014	02	234.71	27.0	59.0
6	2014	03	320.33	43.0	74.0
6	2014	04	208.6	27.0	49.0
6	2014	05	362.68	38.0	88.0
6	2014	06	258.83	30.0	54.0
6	2014	07	291.03	27.0	57.0
6	2014	08	211.81	28.0	56.0
6	2014	09	305.78	35.0	71.0
6	2014	10	285.57	32.0	57.0
6	2014	11	323.6	24.0	73.0
6	2014	12	262.02	31.0	57.0
6	2015	01	305.66	33.0	81.0
6	2015	02	259.66	29.0	68.0
6	2015	03	401.58	35.0	98.0
6	2015	04	220.44	26.0	46.0
6	2015	05	260.29	39.0	55.0
6	2015	06	218.55	29.0	47.0
6	2015	07	313.16	36.0	76.0
6	2015	08	310.38	35.0	66.0
6	2015	09	242.58	29.0	51.0
6	2015	10	288.77	32.0	57.0
6	2015	11	294.04	32.0	62.0
6	2015	12	180.3	22.0	40.0
6	2016	01	302.98	29.0	67.0
6	2016	02	158.14	17.0	40.0
6	2016	03	248.73	32.0	61.0
6	2016	04	181.47	28.0	43.0
6	2016	05	241.66	37.0	55.0
6	2016	06	170.38	24.0	40.0
6	2016	07	131.43	21.0	30.0
6	2016	08	198.66	26.0	52.0
6	2016	09	280.17	36.0	66.0
7	2010	01	140.62	32.0	44.0
7	2010	02	125.42	23.0	43.0
7	2010	03	139.37	30.0	50.0
7	2010	04	165.87	30.0	61.0
7	2010	05	167.99	37.0	60.0
7	2010	06	114.54	26.0	38.0
7	2010	07	117.36	23.0	44.0
7	2010	08	118.89	27.0	49.0
7	2010	09	150.08	32.0	47.0
7	2010	10	148.26	32.0	52.0
7	2010	11	145.57	30.0	52.0
7	2010	12	136.96	31.0	53.0
7	2011	01	152.48	33.0	52.0
7	2011	02	101.78	23.0	32.0
7	2011	03	143.28	30.0	45.0
7	2011	04	168.09	30.0	43.0
7	2011	05	156.06	29.0	49.0
7	2011	06	149.86	34.0	55.0
7	2011	07	115.52	23.0	37.0
7	2011	08	137.57	30.0	45.0
7	2011	09	158.27	38.0	56.0
7	2011	10	176.8	32.0	63.0
7	2011	11	156.07	33.0	53.0
7	2011	12	136.25	24.0	42.0
7	2012	01	146.09	30.0	50.0
7	2012	02	188.11	38.0	59.0
7	2012	03	204.18	35.0	55.0
7	2012	04	211.51	41.0	63.0
7	2012	05	128.19	33.0	49.0
7	2012	06	149.64	34.0	49.0
7	2012	07	137.39	32.0	48.0
7	2012	08	116.05	26.0	36.0
7	2012	09	96.71	25.0	36.0
7	2012	10	88.61	22.0	29.0
7	2012	11	71.01	21.0	23.0
7	2012	12	114.79	29.0	35.0
7	2013	01	109.0	27.0	34.0
7	2013	02	125.51	30.0	39.0
7	2013	03	173.9	34.0	43.0
7	2013	04	144.74	31.0	34.0
7	2013	05	162.35	34.0	43.0
7	2013	06	132.66	27.0	40.0
7	2013	07	68.32	16.0	20.0
7	2013	08	120.16	29.0	33.0
7	2013	09	161.54	34.0	47.0
7	2013	10	98.64	19.0	27.0
7	2013	11	93.52	19.0	25.0
7	2013	12	82.99	14.0	24.0
7	2014	01	90.05	22.0	26.0
7	2014	02	85.86	19.0	24.0
7	2014	03	116.12	28.0	36.0
7	2014	04	131.85	27.0	38.0
7	2014	05	134.45	31.0	43.0
7	2014	06	111.1	24.0	37.0
7	2014	07	115.69	26.0	40.0
7	2014	08	91.71	20.0	29.0
7	2014	09	101.07	23.0	35.0
7	2014	10	68.61	16.0	23.0
7	2014	11	87.19	17.0	24.0
7	2014	12	107.33	24.0	31.0
7	2015	01	126.71	30.0	37.0
7	2015	02	114.4	21.0	32.0
7	2015	03	127.79	26.0	34.0
7	2015	04	127.35	30.0	35.0
7	2015	05	188.01	32.0	47.0
7	2015	06	143.15	27.0	37.0
7	2015	07	124.59	22.0	35.0
7	2015	08	137.41	26.0	38.0
7	2015	09	124.79	25.0	34.0
7	2015	10	87.03	20.0	25.0
7	2015	11	156.92	28.0	45.0
7	2015	12	134.39	23.0	44.0
7	2016	01	120.98	20.0	35.0
7	2016	02	95.61	19.0	28.0
7	2016	03	132.27	25.0	41.0
7	2016	04	121.82	21.0	27.0
7	2016	05	150.84	21.0	43.0
7	2016	06	67.18	19.0	23.0
7	2016	07	100.32	19.0	27.0
7	2016	08	100.41	20.0	33.0
7	2016	09	80.83	15.0	23.0
8	2010	01	526.95	67.0	130.0
8	2010	02	598.62	69.0	147.0
8	2010	03	620.09	91.0	160.0
8	2010	04	553.25	76.0	141.0
8	2010	05	625.68	86.0	166.0
8	2010	06	589.77	80.0	162.0
8	2010	07	721.67	99.0	176.0
8	2010	08	519.75	70.0	119.0
8	2010	09	668.75	79.0	158.0
8	2010	10	597.98	89.0	162.0
8	2010	11	697.3	88.0	179.0
8	2010	12	713.79	77.0	146.0
8	2011	01	698.05	88.0	178.0
8	2011	02	594.13	67.0	147.0
8	2011	03	763.21	87.0	184.0
8	2011	04	569.04	70.0	140.0
8	2011	05	473.28	64.0	115.0
8	2011	06	663.82	68.0	136.0
8	2011	07	657.81	66.0	157.0
8	2011	08	704.76	100.0	189.0
8	2011	09	643.95	89.0	155.0
8	2011	10	729.75	81.0	136.0
8	2011	11	629.28	86.0	162.0
8	2011	12	586.78	78.0	153.0
8	2012	01	745.93	91.0	161.0
8	2012	02	688.39	77.0	148.0
8	2012	03	643.65	85.0	152.0
8	2012	04	766.3	102.0	184.0
8	2012	05	741.06	102.0	188.0
8	2012	06	554.91	83.0	138.0
8	2012	07	715.9	93.0	156.0
8	2012	08	858.33	108.0	182.0
8	2012	09	646.91	87.0	163.0
8	2012	10	730.17	99.0	179.0
8	2012	11	775.37	89.0	167.0
8	2012	12	639.58	81.0	145.0
8	2013	01	518.09	74.0	126.0
8	2013	02	656.46	82.0	160.0
8	2013	03	729.83	93.0	160.0
8	2013	04	567.93	90.0	148.0
8	2013	05	775.72	95.0	184.0
8	2013	06	469.72	61.0	110.0
8	2013	07	669.12	85.0	144.0
8	2013	08	475.52	63.0	110.0
8	2013	09	555.04	73.0	133.0
8	2013	10	649.29	87.0	145.0
8	2013	11	826.32	63.0	121.0
8	2013	12	662.54	67.0	134.0
8	2014	01	704.97	72.0	148.0
8	2014	02	463.03	57.0	108.0
8	2014	03	561.69	75.0	146.0
8	2014	04	541.4	55.0	114.0
8	2014	05	818.81	87.0	178.0
8	2014	06	681.86	79.0	149.0
8	2014	07	787.74	80.0	144.0
8	2014	08	520.95	69.0	123.0
8	2014	09	765.99	87.0	174.0
8	2014	10	742.83	86.0	177.0
8	2014	11	585.91	63.0	128.0
8	2014	12	644.2	68.0	131.0
8	2015	01	741.28	84.0	159.0
8	2015	02	570.14	83.0	145.0
8	2015	03	858.96	107.0	188.0
8	2015	04	949.74	117.0	217.0
8	2015	05	1156.25	134.0	290.0
8	2015	06	866.58	111.0	202.0
8	2015	07	1067.94	128.0	248.0
8	2015	08	799.84	120.0	209.0
8	2015	09	903.17	122.0	230.0
8	2015	10	944.24	114.0	232.0
8	2015	11	837.58	108.0	202.0
8	2015	12	789.75	100.0	197.0
8	2016	01	719.13	88.0	169.0
8	2016	02	595.29	84.0	148.0
8	2016	03	761.26	104.0	194.0
8	2016	04	906.35	132.0	222.0
8	2016	05	921.16	119.0	236.0
8	2016	06	733.72	106.0	182.0
8	2016	07	613.36	92.0	163.0
8	2016	08	686.59	117.0	193.0
8	2016	09	793.42	111.0	200.0
9	2010	01	225.19	28.0	39.0
9	2010	02	80.15	12.0	16.0
9	2010	03	131.93	16.0	22.0
9	2010	04	113.83	17.0	21.0
9	2010	05	78.1	17.0	19.0
9	2010	06	217.36	24.0	37.0
9	2010	07	197.65	22.0	30.0
9	2010	08	155.97	20.0	32.0
9	2010	09	214.79	21.0	24.0
9	2010	10	175.22	17.0	20.0
9	2010	11	197.31	24.0	38.0
9	2010	12	423.89	25.0	40.0
9	2011	01	208.12	24.0	32.0
9	2011	02	82.06	12.0	16.0
9	2011	03	174.73	15.0	22.0
9	2011	04	200.33	16.0	20.0
9	2011	05	177.71	16.0	35.0
9	2011	06	94.02	14.0	18.0
9	2011	07	105.74	14.0	18.0
9	2011	08	188.68	25.0	32.0
9	2011	09	271.27	21.0	26.0
9	2011	10	153.68	17.0	17.0
9	2011	11	209.79	26.0	41.0
9	2011	12	194.84	22.0	30.0
9	2012	01	218.73	27.0	29.0
9	2012	02	181.24	23.0	32.0
9	2012	03	179.57	27.0	42.0
9	2012	04	129.67	22.0	33.0
9	2012	05	197.95	30.0	45.0
9	2012	06	263.49	25.0	40.0
9	2012	07	98.9	22.0	23.0
9	2012	08	275.52	24.0	29.0
9	2012	09	226.77	21.0	40.0
9	2012	10	175.97	19.0	28.0
9	2012	11	213.2	20.0	37.0
9	2012	12	380.05	28.0	55.0
9	2013	01	163.5	27.0	30.0
9	2013	02	199.26	19.0	28.0
9	2013	03	240.78	29.0	37.0
9	2013	04	229.64	25.0	31.0
9	2013	05	174.13	19.0	26.0
9	2013	06	91.5	10.0	12.0
9	2013	07	164.28	27.0	36.0
9	2013	08	78.38	12.0	14.0
9	2013	09	286.0	20.0	40.0
9	2013	10	316.2	17.0	30.0
9	2013	11	127.86	20.0	23.0
9	2013	12	283.94	26.0	42.0
9	2014	01	109.74	20.0	28.0
9	2014	02	247.31	18.0	31.0
9	2014	03	217.6	23.0	24.0
9	2014	04	169.14	20.0	31.0
9	2014	05	117.33	22.0	35.0
9	2014	06	228.98	14.0	22.0
9	2014	07	150.4	17.0	26.0
9	2014	08	92.84	17.0	26.0
9	2014	09	151.63	18.0	27.0
9	2014	10	77.22	11.0	10.0
9	2014	11	196.1	14.0	20.0
9	2014	12	116.66	12.0	19.0
9	2015	01	173.3	20.0	34.0
9	2015	02	101.87	12.0	12.0
9	2015	03	56.07	21.0	22.0
9	2015	04	94.67	9.0	11.0
9	2015	05	141.12	16.0	19.0
9	2015	06	72.03	10.0	11.0
9	2015	07	31.9	10.0	12.0
9	2015	08	162.91	14.0	19.0
9	2015	09	91.69	8.0	11.0
9	2015	10	293.85	21.0	34.0
9	2015	11	71.77	9.0	11.0
9	2015	12	105.24	14.0	16.0
9	2016	01	127.26	17.0	22.0
9	2016	02	70.08	10.0	14.0
9	2016	03	117.18	16.0	22.0
9	2016	04	75.19	10.0	17.0
9	2016	05	15.84	8.0	9.0
9	2016	06	75.71	11.0	16.0
9	2016	07	36.23	11.0	11.0
9	2016	08	142.23	9.0	9.0
9	2016	09	86.98	12.0	16.0
10	2010	01	1054.8	33.0	60.0
10	2010	02	742.03	24.0	37.0
10	2010	03	637.24	25.0	46.0
10	2010	04	1021.05	28.0	45.0
10	2010	05	1026.88	35.0	70.0
10	2010	06	938.14	31.0	46.0
10	2010	07	1258.4	35.0	70.0
10	2010	08	954.12	26.0	57.0
10	2010	09	893.79	32.0	50.0
10	2010	10	802.95	27.0	55.0
10	2010	11	1031.62	33.0	67.0
10	2010	12	992.93	28.0	57.0
10	2011	01	928.51	32.0	61.0
10	2011	02	793.09	30.0	60.0
10	2011	03	771.45	22.0	45.0
10	2011	04	989.4	27.0	48.0
10	2011	05	858.01	30.0	49.0
10	2011	06	761.79	30.0	41.0
10	2011	07	901.57	30.0	55.0
10	2011	08	737.16	27.0	54.0
10	2011	09	776.98	28.0	52.0
10	2011	10	974.31	43.0	66.0
10	2011	11	1167.79	29.0	71.0
10	2011	12	804.47	31.0	54.0
10	2012	01	667.21	37.0	57.0
10	2012	02	883.67	29.0	52.0
10	2012	03	995.25	26.0	44.0
10	2012	04	934.22	33.0	55.0
10	2012	05	799.37	25.0	43.0
10	2012	06	575.03	25.0	37.0
10	2012	07	1031.06	28.0	54.0
10	2012	08	729.96	23.0	44.0
10	2012	09	898.01	29.0	47.0
10	2012	10	980.14	31.0	66.0
10	2012	11	686.92	28.0	46.0
10	2012	12	1128.68	37.0	67.0
10	2013	01	910.77	30.0	51.0
10	2013	02	747.24	21.0	45.0
10	2013	03	1071.36	31.0	64.0
10	2013	04	703.51	25.0	49.0
10	2013	05	850.28	28.0	52.0
10	2013	06	542.37	17.0	33.0
10	2013	07	931.69	24.0	50.0
10	2013	08	868.99	18.0	41.0
10	2013	09	1004.08	33.0	53.0
10	2013	10	665.56	27.0	44.0
10	2013	11	495.52	16.0	29.0
10	2013	12	626.75	23.0	45.0
10	2014	01	676.67	21.0	43.0
10	2014	02	508.77	22.0	39.0
10	2014	03	627.98	24.0	40.0
10	2014	04	790.56	22.0	39.0
10	2014	05	379.49	16.0	21.0
10	2014	06	844.08	25.0	51.0
10	2014	07	694.72	16.0	39.0
10	2014	08	516.53	19.0	27.0
10	2014	09	498.67	19.0	38.0
10	2014	10	607.69	13.0	35.0
10	2014	11	622.25	17.0	41.0
10	2014	12	500.13	20.0	31.0
10	2015	01	902.78	29.0	61.0
10	2015	02	563.38	17.0	33.0
10	2015	03	675.92	22.0	42.0
10	2015	04	382.14	15.0	29.0
10	2015	05	550.5	18.0	36.0
10	2015	06	747.35	22.0	44.0
10	2015	07	751.36	25.0	47.0
10	2015	08	425.39	20.0	31.0
10	2015	09	487.43	16.0	31.0
10	2015	10	632.16	16.0	30.0
10	2015	11	406.64	16.0	26.0
10	2015	12	396.67	15.0	23.0
10	2016	01	1007.77	39.0	67.0
10	2016	02	515.24	28.0	46.0
10	2016	03	733.93	24.0	37.0
10	2016	04	534.04	17.0	27.0
10	2016	05	535.0	15.0	26.0
10	2016	06	538.57	17.0	28.0
10	2016	07	269.06	10.0	14.0
10	2016	08	318.8	10.0	20.0
10	2016	09	593.1	17.0	36.0
11	2010	01	500.83	35.0	47.0
11	2010	02	376.42	33.0	48.0
11	2010	03	457.93	40.0	60.0
11	2010	04	421.99	32.0	56.0
11	2010	05	536.64	33.0	65.0
11	2010	06	508.19	31.0	68.0
11	2010	07	347.93	29.0	48.0
11	2010	08	362.15	33.0	55.0
11	2010	09	326.38	27.0	45.0
11	2010	10	291.47	31.0	47.0
11	2010	11	434.25	36.0	54.0
11	2010	12	429.28	35.0	54.0
11	2011	01	565.18	41.0	79.0
11	2011	02	259.0	17.0	29.0
11	2011	03	504.03	35.0	62.0
11	2011	04	509.7	30.0	60.0
11	2011	05	286.57	29.0	42.0
11	2011	06	313.05	29.0	48.0
11	2011	07	278.54	28.0	39.0
11	2011	08	350.22	30.0	52.0
11	2011	09	375.43	27.0	50.0
11	2011	10	322.03	30.0	46.0
11	2011	11	257.63	28.0	42.0
11	2011	12	293.52	31.0	56.0
11	2012	01	341.47	33.0	43.0
11	2012	02	392.71	32.0	57.0
11	2012	03	357.21	33.0	49.0
11	2012	04	350.26	24.0	45.0
11	2012	05	276.47	23.0	43.0
11	2012	06	306.52	29.0	48.0
11	2012	07	386.39	37.0	55.0
11	2012	08	241.15	28.0	38.0
11	2012	09	271.34	26.0	42.0
11	2012	10	356.68	28.0	52.0
11	2012	11	252.48	30.0	35.0
11	2012	12	510.37	36.0	79.0
11	2013	01	249.05	22.0	32.0
11	2013	02	389.95	31.0	54.0
11	2013	03	333.49	27.0	51.0
11	2013	04	497.46	37.0	61.0
11	2013	05	288.52	33.0	37.0
11	2013	06	265.54	22.0	56.0
11	2013	07	430.91	33.0	59.0
11	2013	08	313.77	26.0	44.0
11	2013	09	472.02	33.0	74.0
11	2013	10	397.42	29.0	55.0
11	2013	11	256.66	21.0	34.0
11	2013	12	301.65	22.0	43.0
11	2014	01	246.28	18.0	42.0
11	2014	02	132.53	11.0	19.0
11	2014	03	119.95	16.0	13.0
11	2014	04	249.07	22.0	37.0
11	2014	05	256.36	23.0	36.0
11	2014	06	352.2	27.0	45.0
11	2014	07	255.63	18.0	38.0
11	2014	08	250.47	27.0	39.0
11	2014	09	453.21	30.0	59.0
11	2014	10	247.7	22.0	30.0
11	2014	11	271.08	26.0	42.0
11	2014	12	368.78	27.0	62.0
11	2015	01	522.6	40.0	64.0
11	2015	02	326.33	32.0	47.0
11	2015	03	526.74	36.0	73.0
11	2015	04	293.05	33.0	45.0
11	2015	05	423.75	38.0	58.0
11	2015	06	363.12	33.0	58.0
11	2015	07	269.19	31.0	41.0
11	2015	08	424.72	32.0	58.0
11	2015	09	242.91	26.0	47.0
11	2015	10	347.57	29.0	43.0
11	2015	11	228.16	18.0	34.0
11	2015	12	182.55	17.0	26.0
11	2016	01	371.76	31.0	55.0
11	2016	02	160.53	15.0	28.0
11	2016	03	431.76	28.0	54.0
11	2016	04	260.72	24.0	37.0
11	2016	05	310.87	22.0	44.0
11	2016	06	350.49	22.0	38.0
11	2016	07	214.34	16.0	21.0
11	2016	08	213.96	22.0	35.0
11	2016	09	206.73	17.0	30.0
12	2010	01	87.61	29.0	47.0
12	2010	02	66.85	19.0	38.0
12	2010	03	103.58	31.0	66.0
12	2010	04	43.05	15.0	26.0
12	2010	05	58.34	19.0	35.0
12	2010	06	56.22	20.0	38.0
12	2010	07	72.8	18.0	33.0
12	2010	08	62.08	16.0	31.0
12	2010	09	44.23	16.0	32.0
12	2010	10	73.97	29.0	65.0
12	2010	11	99.17	32.0	65.0
12	2010	12	98.38	25.0	59.0
12	2011	01	44.51	21.0	28.0
12	2011	02	125.71	23.0	84.0
12	2011	03	52.33	21.0	37.0
12	2011	04	79.65	16.0	26.0
12	2011	05	61.67	21.0	52.0
12	2011	06	32.19	13.0	22.0
12	2011	07	27.03	6.0	12.0
12	2011	08	38.95	12.0	13.0
12	2011	09	54.55	18.0	27.0
12	2011	10	84.42	27.0	52.0
12	2011	11	79.34	30.0	43.0
12	2011	12	71.21	31.0	53.0
12	2012	01	54.51	20.0	40.0
12	2012	02	82.52	28.0	42.0
12	2012	03	71.41	23.0	29.0
12	2012	04	140.18	30.0	54.0
12	2012	05	79.09	17.0	27.0
12	2012	06	92.69	28.0	42.0
12	2012	07	83.4	19.0	34.0
12	2012	08	105.8	20.0	42.0
12	2012	09	86.59	17.0	33.0
12	2012	10	65.34	23.0	38.0
12	2012	11	95.65	18.0	53.0
12	2012	12	139.0	27.0	77.0
12	2013	01	91.39	23.0	51.0
12	2013	02	87.27	21.0	41.0
12	2013	03	70.4	17.0	27.0
12	2013	04	111.71	21.0	50.0
12	2013	05	55.03	15.0	28.0
12	2013	06	28.44	10.0	23.0
12	2013	07	86.29	17.0	54.0
12	2013	08	37.48	12.0	20.0
12	2013	09	84.87	17.0	38.0
12	2013	10	54.71	16.0	35.0
12	2013	11	91.65	25.0	38.0
12	2013	12	54.0	16.0	24.0
12	2014	01	53.19	19.0	31.0
12	2014	02	80.49	15.0	26.0
12	2014	03	71.71	18.0	33.0
12	2014	04	42.06	13.0	33.0
12	2014	05	10.44	5.0	6.0
12	2014	06	21.61	8.0	14.0
12	2014	07	115.23	15.0	33.0
12	2014	08	81.72	10.0	27.0
12	2014	09	51.27	14.0	30.0
12	2014	10	58.54	9.0	26.0
12	2014	11	136.6	20.0	53.0
12	2014	12	119.79	27.0	64.0
12	2015	01	94.82	26.0	71.0
12	2015	02	116.79	23.0	65.0
12	2015	03	91.72	26.0	62.0
12	2015	04	96.5	18.0	47.0
12	2015	05	118.59	22.0	48.0
12	2015	06	65.7	15.0	32.0
12	2015	07	148.66	26.0	71.0
12	2015	08	91.93	20.0	43.0
12	2015	09	45.61	13.0	25.0
12	2015	10	67.09	11.0	26.0
12	2015	11	41.1	13.0	22.0
12	2015	12	74.61	12.0	27.0
12	2016	01	44.81	18.0	38.0
12	2016	02	55.88	12.0	31.0
12	2016	03	92.74	22.0	49.0
12	2016	04	33.83	10.0	14.0
12	2016	05	19.37	8.0	16.0
12	2016	06	22.65	6.0	9.0
12	2016	07	132.34	15.0	27.0
12	2016	08	45.8	10.0	14.0
12	2016	09	75.07	12.0	25.0
13	2010	01	837.45	65.0	129.0
13	2010	02	758.02	53.0	121.0
13	2010	03	906.37	64.0	158.0
13	2010	04	859.43	64.0	144.0
13	2010	05	838.0	67.0	146.0
13	2010	06	825.3	69.0	156.0
13	2010	07	718.34	57.0	117.0
13	2010	08	616.96	56.0	115.0
13	2010	09	805.72	60.0	141.0
13	2010	10	682.28	61.0	121.0
13	2010	11	869.88	69.0	129.0
13	2010	12	682.77	50.0	111.0
13	2011	01	1099.97	77.0	179.0
13	2011	02	773.89	54.0	122.0
13	2011	03	669.27	58.0	117.0
13	2011	04	809.99	53.0	117.0
13	2011	05	884.22	73.0	144.0
13	2011	06	840.06	54.0	145.0
13	2011	07	913.87	66.0	145.0
13	2011	08	1009.88	69.0	162.0
13	2011	09	1021.3	80.0	183.0
13	2011	10	1048.62	76.0	172.0
13	2011	11	1219.32	76.0	190.0
13	2011	12	1307.06	84.0	195.0
13	2012	01	1075.71	76.0	177.0
13	2012	02	948.71	75.0	158.0
13	2012	03	1268.92	79.0	197.0
13	2012	04	1124.23	73.0	169.0
13	2012	05	1005.78	80.0	165.0
13	2012	06	865.83	64.0	148.0
13	2012	07	778.9	56.0	127.0
13	2012	08	677.69	59.0	120.0
13	2012	09	831.37	66.0	148.0
13	2012	10	800.36	59.0	129.0
13	2012	11	854.75	59.0	123.0
13	2012	12	1239.87	74.0	147.0
13	2013	01	954.99	74.0	150.0
13	2013	02	698.44	58.0	117.0
13	2013	03	725.66	50.0	94.0
13	2013	04	883.57	69.0	138.0
13	2013	05	701.57	64.0	111.0
13	2013	06	734.37	52.0	105.0
13	2013	07	703.81	57.0	108.0
13	2013	08	920.5	68.0	128.0
13	2013	09	806.3	75.0	130.0
13	2013	10	812.02	71.0	129.0
13	2013	11	894.75	61.0	106.0
13	2013	12	965.95	67.0	113.0
13	2014	01	690.01	65.0	107.0
13	2014	02	741.14	55.0	119.0
13	2014	03	589.2	62.0	100.0
13	2014	04	502.0	45.0	73.0
13	2014	05	790.29	57.0	115.0
13	2014	06	656.9	59.0	111.0
13	2014	07	845.64	60.0	97.0
13	2014	08	461.78	44.0	84.0
13	2014	09	626.58	52.0	89.0
13	2014	10	849.98	73.0	135.0
13	2014	11	942.71	66.0	116.0
13	2014	12	738.72	55.0	92.0
13	2015	01	808.66	61.0	121.0
13	2015	02	554.73	47.0	80.0
13	2015	03	896.55	68.0	122.0
13	2015	04	915.3	77.0	126.0
13	2015	05	986.02	80.0	135.0
13	2015	06	804.12	62.0	107.0
13	2015	07	1146.81	73.0	127.0
13	2015	08	798.71	61.0	104.0
13	2015	09	669.51	51.0	102.0
13	2015	10	617.3	50.0	86.0
13	2015	11	648.61	47.0	77.0
13	2015	12	755.22	50.0	82.0
13	2016	01	617.12	50.0	75.0
13	2016	02	745.23	52.0	101.0
13	2016	03	605.47	51.0	78.0
13	2016	04	761.55	54.0	87.0
13	2016	05	906.96	68.0	121.0
13	2016	06	553.54	50.0	84.0
13	2016	07	623.52	54.0	97.0
13	2016	08	648.48	48.0	94.0
13	2016	09	586.66	38.0	88.0
14	2010	01	83.75	17.0	19.0
14	2010	02	69.8	15.0	23.0
14	2010	03	98.25	20.0	32.0
14	2010	04	120.26	23.0	35.0
14	2010	05	79.32	16.0	17.0
14	2010	06	36.92	9.0	10.0
14	2010	07	127.28	20.0	38.0
14	2010	08	90.35	15.0	16.0
14	2010	09	63.34	13.0	19.0
14	2010	10	70.87	12.0	14.0
14	2010	11	66.85	15.0	17.0
14	2010	12	27.43	7.0	8.0
14	2011	01	26.92	7.0	8.0
14	2011	02	36.92	7.0	8.0
14	2011	03	47.39	10.0	11.0
14	2011	04	44.4	9.0	10.0
14	2011	05	42.4	10.0	12.0
14	2011	06	93.49	16.0	21.0
14	2011	07	40.42	6.0	9.0
14	2011	08	97.81	18.0	19.0
14	2011	09	68.82	16.0	18.0
14	2011	10	19.93	6.0	7.0
14	2011	11	41.93	7.0	9.0
14	2011	12	98.82	17.0	19.0
14	2012	01	109.28	18.0	32.0
14	2012	02	56.36	12.0	15.0
14	2012	03	72.31	17.0	20.0
14	2012	04	112.27	19.0	24.0
14	2012	05	117.71	29.0	29.0
14	2012	06	136.69	28.0	31.0
14	2012	07	139.71	25.0	31.0
14	2012	08	152.91	31.0	39.0
14	2012	09	125.74	25.0	28.0
14	2012	10	105.27	22.0	29.0
14	2012	11	36.9	8.0	13.0
14	2012	12	55.37	12.0	15.0
14	2013	01	100.33	16.0	18.0
14	2013	02	122.26	20.0	26.0
14	2013	03	115.28	18.0	24.0
14	2013	04	103.32	17.0	23.0
14	2013	05	109.79	19.0	26.0
14	2013	06	101.8	16.0	19.0
14	2013	07	59.32	16.0	18.0
14	2013	08	100.26	21.0	26.0
14	2013	09	74.81	18.0	19.0
14	2013	10	54.37	14.0	15.0
14	2013	11	43.24	8.0	12.0
14	2013	12	63.89	11.0	17.0
14	2014	01	84.14	17.0	26.0
14	2014	02	52.59	12.0	17.0
14	2014	03	117.77	19.0	29.0
14	2014	04	63.88	11.0	14.0
14	2014	05	103.93	22.0	33.0
14	2014	06	72.79	16.0	21.0
14	2014	07	125.72	17.0	36.0
14	2014	08	63.86	12.0	17.0
14	2014	09	85.79	13.0	23.0
14	2014	10	44.38	10.0	15.0
14	2014	11	11.96	4.0	4.0
14	2014	12	66.31	12.0	24.0
14	2015	01	87.32	13.0	19.0
14	2015	02	59.91	13.0	17.0
14	2015	03	88.9	21.0	31.0
14	2015	04	129.79	36.0	52.0
14	2015	05	212.0	39.0	56.0
14	2015	06	115.85	26.0	29.0
14	2015	07	123.32	32.0	38.0
14	2015	08	142.8	26.0	35.0
14	2015	09	180.53	31.0	44.0
14	2015	10	87.83	16.0	22.0
14	2015	11	132.45	30.0	41.0
14	2015	12	95.76	20.0	27.0
14	2016	01	39.9	9.0	15.0
14	2016	02	75.03	20.0	24.0
14	2016	03	80.74	21.0	30.0
14	2016	04	120.18	28.0	33.0
14	2016	05	131.27	27.0	30.0
14	2016	06	112.97	25.0	29.0
14	2016	07	197.08	39.0	46.0
14	2016	08	116.14	30.0	39.0
14	2016	09	108.26	24.0	32.0
16	2010	01	175.08	20.0	23.0
16	2010	02	130.15	13.0	15.0
16	2010	03	137.69	15.0	16.0
16	2010	04	87.83	14.0	16.0
16	2010	05	160.88	14.0	16.0
16	2010	06	179.57	21.0	25.0
16	2010	07	161.97	18.0	19.0
16	2010	08	224.12	20.0	21.0
16	2010	09	140.24	15.0	16.0
16	2010	10	130.86	16.0	22.0
16	2010	11	167.68	19.0	27.0
16	2010	12	188.84	19.0	25.0
16	2011	01	339.44	26.0	36.0
16	2011	02	156.2	18.0	23.0
16	2011	03	146.42	19.0	23.0
16	2011	04	142.41	16.0	23.0
16	2011	05	200.07	21.0	26.0
16	2011	06	223.83	20.0	31.0
16	2011	07	215.56	21.0	26.0
16	2011	08	243.78	25.0	36.0
16	2011	09	231.02	22.0	32.0
16	2011	10	187.62	20.0	29.0
16	2011	11	135.36	15.0	16.0
16	2011	12	198.82	17.0	20.0
16	2012	01	157.58	17.0	19.0
16	2012	02	192.83	21.0	27.0
16	2012	03	270.58	24.0	32.0
16	2012	04	150.97	17.0	19.0
16	2012	05	160.46	17.0	20.0
16	2012	06	164.39	19.0	24.0
16	2012	07	169.66	19.0	23.0
16	2012	08	169.49	24.0	27.0
16	2012	09	229.91	26.0	32.0
16	2012	10	254.62	25.0	27.0
16	2012	11	86.07	14.0	15.0
16	2012	12	238.81	19.0	26.0
16	2013	01	155.11	19.0	24.0
16	2013	02	126.08	10.0	19.0
16	2013	03	245.41	31.0	40.0
16	2013	04	234.13	25.0	39.0
16	2013	05	196.29	16.0	17.0
16	2013	06	154.84	17.0	25.0
16	2013	07	180.45	18.0	25.0
16	2013	08	205.91	24.0	26.0
16	2013	09	174.22	17.0	22.0
16	2013	10	154.59	20.0	26.0
16	2013	11	167.41	13.0	19.0
16	2013	12	279.16	21.0	30.0
16	2014	01	206.6	24.0	31.0
16	2014	02	183.89	16.0	22.0
16	2014	03	213.51	24.0	32.0
16	2014	04	210.27	23.0	26.0
16	2014	05	243.42	20.0	24.0
16	2014	06	101.87	13.0	15.0
16	2014	07	238.31	23.0	27.0
16	2014	08	106.04	14.0	14.0
16	2014	09	69.13	8.0	8.0
16	2014	10	162.93	19.0	24.0
16	2014	11	128.53	15.0	15.0
16	2014	12	170.97	16.0	21.0
16	2015	01	172.48	16.0	24.0
16	2015	02	135.78	16.0	20.0
16	2015	03	254.43	23.0	30.0
16	2015	04	179.77	19.0	24.0
16	2015	05	177.09	16.0	21.0
16	2015	06	155.74	17.0	20.0
16	2015	07	254.77	31.0	34.0
16	2015	08	142.03	13.0	16.0
16	2015	09	87.96	9.0	11.0
16	2015	10	151.94	14.0	19.0
16	2015	11	93.25	13.0	15.0
16	2015	12	260.09	25.0	32.0
16	2016	01	169.4	20.0	23.0
16	2016	02	186.3	21.0	25.0
16	2016	03	218.34	19.0	22.0
16	2016	04	112.51	16.0	17.0
16	2016	05	234.46	27.0	39.0
16	2016	06	151.89	17.0	20.0
16	2016	07	192.79	20.0	33.0
16	2016	08	162.0	18.0	27.0
16	2016	09	124.45	13.0	17.0
17	2010	01	173.5	51.0	61.0
17	2010	02	136.74	37.0	45.0
17	2010	03	111.44	33.0	36.0
17	2010	04	121.45	32.0	42.0
17	2010	05	127.34	38.0	43.0
17	2010	06	99.55	32.0	32.0
17	2010	07	140.6	37.0	47.0
17	2010	08	164.85	49.0	57.0
17	2010	09	173.91	51.0	67.0
17	2010	10	131.41	44.0	53.0
17	2010	11	176.21	58.0	66.0
17	2010	12	157.91	48.0	58.0
17	2011	01	174.69	52.0	61.0
17	2011	02	101.1	39.0	38.0
17	2011	03	143.75	48.0	53.0
17	2011	04	126.46	37.0	45.0
17	2011	05	116.49	37.0	40.0
17	2011	06	111.11	35.0	38.0
17	2011	07	147.26	43.0	52.0
17	2011	08	165.98	51.0	59.0
17	2011	09	231.66	60.0	76.0
17	2011	10	173.2	50.0	60.0
17	2011	11	174.91	50.0	59.0
17	2011	12	199.0	57.0	64.0
17	2012	01	166.46	49.0	59.0
17	2012	02	192.31	51.0	66.0
17	2012	03	229.15	63.0	77.0
17	2012	04	183.84	53.0	61.0
17	2012	05	191.49	54.0	71.0
17	2012	06	199.72	56.0	69.0
17	2012	07	188.52	59.0	73.0
17	2012	08	163.71	55.0	63.0
17	2012	09	121.83	40.0	45.0
17	2012	10	124.85	40.0	48.0
17	2012	11	161.11	49.0	53.0
17	2012	12	175.77	48.0	55.0
17	2013	01	127.24	44.0	45.0
17	2013	02	88.81	29.0	32.0
17	2013	03	100.04	34.0	41.0
17	2013	04	81.12	30.0	37.0
17	2013	05	109.27	33.0	39.0
17	2013	06	95.71	30.0	34.0
17	2013	07	132.63	38.0	45.0
17	2013	08	119.15	42.0	47.0
17	2013	09	94.02	35.0	37.0
17	2013	10	132.11	42.0	47.0
17	2013	11	86.86	20.0	23.0
17	2013	12	111.14	35.0	37.0
17	2014	01	59.25	21.0	24.0
17	2014	02	109.71	30.0	39.0
17	2014	03	117.59	30.0	31.0
17	2014	04	71.15	19.0	25.0
17	2014	05	118.82	38.0	45.0
17	2014	06	48.21	17.0	20.0
17	2014	07	96.55	34.0	39.0
17	2014	08	89.42	25.0	27.0
17	2014	09	98.64	26.0	35.0
17	2014	10	86.53	32.0	33.0
17	2014	11	103.5	30.0	35.0
17	2014	12	78.93	22.0	25.0
17	2015	01	16.44	5.0	6.0
18	2010	01	84.87	8.0	13.0
18	2010	02	66.9	5.0	10.0
18	2010	03	29.76	4.0	4.0
18	2010	04	73.77	8.0	10.0
18	2010	05	118.75	12.0	15.0
18	2010	06	29.97	2.0	3.0
18	2010	07	4.99	1.0	1.0
18	2010	08	51.93	5.0	7.0
18	2010	09	51.69	4.0	10.0
18	2010	10	25.97	3.0	3.0
18	2010	11	64.93	6.0	7.0
18	2010	12	34.95	1.0	1.0
18	2011	01	19.97	3.0	3.0
18	2011	02	46.29	5.0	11.0
18	2011	03	50.31	6.0	9.0
18	2011	04	55.39	8.0	10.0
18	2011	05	67.59	9.0	11.0
18	2011	06	49.4	5.0	5.0
18	2011	08	21.96	3.0	3.0
18	2011	09	12.97	3.0	2.0
18	2011	10	29.97	3.0	3.0
18	2011	11	66.93	7.0	7.0
18	2011	12	50.95	5.0	5.0
18	2012	01	30.97	2.0	3.0
18	2012	02	39.53	6.0	7.0
18	2012	03	46.93	5.0	10.0
18	2012	04	93.54	9.0	23.0
18	2012	05	85.85	14.0	21.0
18	2012	06	35.95	4.0	5.0
18	2012	07	10.98	1.0	2.0
18	2012	08	44.93	5.0	6.0
18	2012	09	13.97	3.0	3.0
18	2012	10	25.95	3.0	3.0
18	2012	11	62.94	6.0	6.0
18	2012	12	9.99	1.0	1.0
18	2013	01	35.96	4.0	4.0
18	2013	02	39.96	5.0	5.0
18	2013	03	75.04	8.0	16.0
18	2013	04	16.74	1.0	6.0
18	2013	05	102.69	11.0	15.0
18	2013	06	70.71	5.0	7.0
18	2013	07	26.05	5.0	5.0
18	2013	08	13.99	2.0	1.0
18	2013	09	33.97	5.0	7.0
18	2013	10	25.14	3.0	6.0
18	2013	11	60.95	4.0	4.0
18	2013	12	58.94	4.0	8.0
18	2014	01	37.96	4.0	4.0
18	2014	02	23.97	3.0	3.0
18	2014	03	9.56	3.0	3.0
18	2014	04	111.35	9.0	17.0
18	2014	05	161.55	9.0	24.0
18	2014	06	78.37	6.0	12.0
18	2014	07	6.07	2.0	2.0
18	2014	08	13.98	2.0	2.0
18	2014	09	17.99	2.0	1.0
18	2014	10	23.98	2.0	2.0
18	2014	11	54.97	3.0	3.0
18	2014	12	26.97	3.0	3.0
18	2015	01	46.95	4.0	5.0
18	2015	02	39.55	4.0	5.0
18	2015	03	30.94	6.0	6.0
18	2015	04	90.84	9.0	19.0
18	2015	05	311.94	16.0	29.0
18	2015	06	70.42	4.0	7.0
18	2015	07	47.96	4.0	4.0
18	2015	08	57.95	4.0	4.0
18	2015	09	62.89	6.0	12.0
18	2015	11	32.97	3.0	3.0
18	2015	12	11.98	2.0	2.0
18	2016	01	9.99	1.0	1.0
18	2016	02	38.34	4.0	6.0
18	2016	03	145.21	9.0	19.0
18	2016	04	93.43	10.0	18.0
18	2016	05	35.96	2.0	4.0
18	2016	06	41.14	3.0	6.0
18	2016	07	25.97	3.0	7.0
18	2016	08	4.95	1.0	1.0
18	2016	09	22.95	2.0	5.0
22	2015	03	7.0	1.0	1.0
22	2015	05	4.0	1.0	1.0
22	2015	07	7.0	1.0	1.0
22	2015	08	7.0	1.0	1.0
22	2015	09	16.0	3.0	3.0
22	2015	10	5.0	1.0	1.0
22	2016	03	10.0	1.0	2.0
22	2016	04	5.0	1.0	1.0
22	2016	05	12.0	1.0	2.0
22	2016	06	11.0	2.0	2.0
22	2016	08	6.0	1.0	1.0
